Federal States,Examinations Total,Passed Examinations,Failed Examinations,year,Pass Rate
BW,47635,46277,1358,2010-01-01,97.14915503306393
BY,39196,38840,356,2010-01-01,99.09174405551587
BE,13614,12955,659,2010-01-01,95.1593947407081
BB,10268,9916,352,2010-01-01,96.57187378262563
HB,3017,2904,113,2010-01-01,96.25455750745773
HH,13087,12733,354,2010-01-01,97.29502559792161
HE,23119,22554,565,2010-01-01,97.55612266966564
MV,5802,5581,221,2010-01-01,96.19096863150638
NI,31561,30296,1265,2010-01-01,95.99188872342448
NW,76662,75049,1613,2010-01-01,97.89595888445383
RP,15887,15710,177,2010-01-01,98.8858815383647
SL,3386,3315,71,2010-01-01,97.9031305375074
SN,9167,8830,337,2010-01-01,96.32377004472565
ST,5236,4850,386,2010-01-01,92.62796027501909
SH,10699,10590,109,2010-01-01,98.9812131974951
TH,6648,6536,112,2010-01-01,98.31528279181708
BW,49671,48333,1338,2011-01-01,97.30627529141753
BY,74205,72750,1455,2011-01-01,98.0392156862745
BE,13115,12428,687,2011-01-01,94.76172321768966
BB,7376,7111,265,2011-01-01,96.40726681127983
HB,3402,3251,151,2011-01-01,95.56143445032333
HH,8191,7826,365,2011-01-01,95.54388963496521
HE,23883,23169,714,2011-01-01,97.01042582590127
MV,3475,3327,148,2011-01-01,95.74100719424462
NI,49274,47507,1767,2011-01-01,96.41393026748386
NW,79240,77847,1393,2011-01-01,98.24204946996467
RP,16138,15914,224,2011-01-01,98.6119717437105
SL,3353,3269,84,2011-01-01,97.4947807933194
SN,7988,7673,315,2011-01-01,96.05658487731597
ST,4551,4309,242,2011-01-01,94.68248736541419
SH,11054,10785,269,2011-01-01,97.5664917676859
TH,5102,5030,72,2011-01-01,98.58878871030969
BW,75286,73513,1773,2012-01-01,97.6449804744574
BY,42467,40797,1670,2012-01-01,96.06753479172063
BE,18695,17965,730,2012-01-01,96.09521262369618
BB,10193,9793,400,2012-01-01,96.0757382517414
HB,4519,4281,238,2012-01-01,94.7333480858597
HH,8583,8238,345,2012-01-01,95.98042642432716
HE,25472,24796,676,2012-01-01,97.34610552763819
MV,3691,3526,165,2012-01-01,95.52966675697643
NI,34589,32682,1907,2012-01-01,94.48668651883547
NW,84703,83092,1611,2012-01-01,98.0980602812179
RP,16683,16456,227,2012-01-01,98.63933345321585
SL,3542,3439,103,2012-01-01,97.09203839638623
SN,8070,7819,251,2012-01-01,96.8897149938042
ST,4501,4318,183,2012-01-01,95.9342368362586
SH,11629,11105,524,2012-01-01,95.49402356178518
TH,5236,5128,108,2012-01-01,97.93735676088617
BW,49486,48105,1381,2013-01-01,97.20931172452815
BY,42764,41355,1409,2013-01-01,96.70517257506313
BE,13459,12755,704,2013-01-01,94.7692993535924
BB,7493,7172,321,2013-01-01,95.71600160149472
HB,3242,3071,171,2013-01-01,94.72547809993831
HH,8873,8592,281,2013-01-01,96.83308914685
HE,32609,31679,930,2013-01-01,97.14802661841823
MV,3595,3363,232,2013-01-01,93.54659248956885
NI,33012,31602,1410,2013-01-01,95.72882588149764
NW,126757,123896,2861,2013-01-01,97.74292544001514
RP,17254,17035,219,2013-01-01,98.73072910629419
SL,3578,3471,107,2013-01-01,97.00950251537172
SN,8517,8269,248,2013-01-01,97.08817658800048
ST,4353,4133,220,2013-01-01,94.94601424305077
SH,12293,11796,497,2013-01-01,95.95704872691776
TH,5262,5136,126,2013-01-01,97.6054732041049
BW,49665,48228,1437,2014-01-01,97.10661431591664
BY,42658,41239,1419,2014-01-01,96.67354306343476
BE,15667,14954,713,2014-01-01,95.44903299929788
BB,7251,6932,319,2014-01-01,95.6006068128534
HB,3216,3055,161,2014-01-01,94.99378109452736
HH,9159,8816,343,2014-01-01,96.25504967791244
HE,30011,29147,864,2014-01-01,97.12105561294192
MV,3757,3512,245,2014-01-01,93.47883949960074
NI,33875,32387,1488,2014-01-01,95.60738007380074
NW,87827,85398,2429,2014-01-01,97.23433568264885
RP,16647,16272,375,2014-01-01,97.7473418633988
SL,3659,3565,94,2014-01-01,97.43099207433725
SN,8930,8706,224,2014-01-01,97.49160134378499
ST,4759,4494,265,2014-01-01,94.43160327799957
SH,12547,12104,443,2014-01-01,96.46927552402965
TH,5728,5622,106,2014-01-01,98.14944134078212
BW,52400,51101,1299,2015-01-01,97.52099236641222
BY,43564,42032,1532,2015-01-01,96.48333486364888
BE,16501,15876,625,2015-01-01,96.2123507666202
BB,8419,8062,357,2015-01-01,95.75959140040385
HB,3372,3235,137,2015-01-01,95.93712930011863
HH,9837,9451,386,2015-01-01,96.0760394429196
HE,26359,25574,785,2015-01-01,97.02189005652718
MV,4393,4092,301,2015-01-01,93.14819030275439
NI,35227,33770,1457,2015-01-01,95.86396797910693
NW,88912,86347,2565,2015-01-01,97.11512506748245
RP,17380,16969,411,2015-01-01,97.63521288837744
SL,3961,3875,86,2015-01-01,97.82883110325675
SN,11324,11037,287,2015-01-01,97.46555987283645
ST,5412,5157,255,2015-01-01,95.28824833702882
SH,13233,12751,482,2015-01-01,96.35759087130658
TH,6369,6234,135,2015-01-01,97.88035798398492
BW,52592,51197,1395,2016-01-01,97.34750532400365
BY,43833,42495,1338,2016-01-01,96.94750530422284
BE,17353,16493,860,2016-01-01,95.0440845963234
BB,8988,8597,391,2016-01-01,95.64975522919448
HB,3273,3138,135,2016-01-01,95.87534372135656
HH,10247,9768,479,2016-01-01,95.32546111056894
HE,25370,24486,884,2016-01-01,96.51556957035869
MV,5289,4941,348,2016-01-01,93.42030629608622
NI,34928,33421,1507,2016-01-01,95.68540998625744
NW,89815,87071,2744,2016-01-01,96.94483104158547
RP,19079,18560,519,2016-01-01,97.2797316421196
SL,3842,3727,115,2016-01-01,97.00676730869338
SN,11855,11496,359,2016-01-01,96.97174188106284
ST,5791,5541,250,2016-01-01,95.68295631151787
SH,20662,19859,803,2016-01-01,96.11363856354662
TH,6896,6698,198,2016-01-01,97.12877030162413
BW,51724,50150,1574,2017-01-01,96.95692521846725
BY,44930,43342,1588,2017-01-01,96.46561317605163
BE,18510,17402,1108,2017-01-01,94.01404646137223
BB,10151,9735,416,2017-01-01,95.90188158802088
HB,3013,2839,174,2017-01-01,94.22502489213409
HH,9822,9311,511,2017-01-01,94.79739360619018
HE,25317,24408,909,2017-01-01,96.4095271951653
MV,5321,4949,372,2017-01-01,93.00883292614171
NI,34256,32699,1557,2017-01-01,95.45481083605792
NW,87091,84040,3051,2017-01-01,96.49676774867667
RP,18440,17977,463,2017-01-01,97.4891540130152
SL,3549,3460,89,2017-01-01,97.49225133840518
SN,12772,12380,392,2017-01-01,96.9307860945819
ST,5864,5579,285,2017-01-01,95.13983628922237
SH,14672,14009,663,2017-01-01,95.48118865866958
TH,6750,6608,142,2017-01-01,97.8962962962963
BW,51152,49339,1813,2018-01-01,96.45566155771034
BY,43875,42291,1584,2018-01-01,96.38974358974359
BE,18212,16522,1690,2018-01-01,90.72040412914562
BB,10171,9733,438,2018-01-01,95.69363877691475
HB,2863,2699,164,2018-01-01,94.27174292699965
HH,9596,9218,378,2018-01-01,96.0608586911213
HE,25101,24081,1020,2018-01-01,95.93641687582168
MV,5563,5223,340,2018-01-01,93.88818982563365
NI,33951,32095,1856,2018-01-01,94.53329798827723
NW,85626,82612,3014,2018-01-01,96.48004110900894
RP,17879,17375,504,2018-01-01,97.18105039431735
SL,3645,3533,112,2018-01-01,96.9272976680384
SN,12687,12247,440,2018-01-01,96.5318830298731
ST,6227,5930,297,2018-01-01,95.23044804881965
SH,13591,12909,682,2018-01-01,94.98197336472666
TH,6722,6587,135,2018-01-01,97.99166914608747
BW,48937,47436,1501,2019-01-01,96.9327911396285
BY,43073,41392,1681,2019-01-01,96.0973231490725
BE,15198,14409,789,2019-01-01,94.80852743782077
BB,9803,9332,471,2019-01-01,95.1953483627461
HB,2722,2583,139,2019-01-01,94.89346069066863
HH,9479,9015,464,2019-01-01,95.10496887857369
HE,23108,22232,876,2019-01-01,96.2091050718366
MV,5420,5024,396,2019-01-01,92.69372693726937
NI,34286,32414,1872,2019-01-01,94.54004549962085
NW,84658,81898,2760,2019-01-01,96.7398237614874
RP,17591,17001,590,2019-01-01,96.64601216531182
SL,3336,3211,125,2019-01-01,96.25299760191847
SN,13069,12660,409,2019-01-01,96.87045680618257
ST,5981,5675,306,2019-01-01,94.88379869587025
SH,14044,13296,748,2019-01-01,94.6738820848761
TH,6962,6799,163,2019-01-01,97.6587187589773
BW,45903,44975,928,2020-01-01,97.97834564189705
BY,39144,38104,1040,2020-01-01,97.34314326589003
BE,14371,13866,505,2020-01-01,96.4859787071185
BB,9453,9023,430,2020-01-01,95.4511795197292
HB,2762,2644,118,2020-01-01,95.72773352643013
HH,9326,9077,249,2020-01-01,97.33004503538496
HE,23229,22391,838,2020-01-01,96.3924404838779
MV,5433,5103,330,2020-01-01,93.92600773053562
NI,10471,9884,587,2020-01-01,94.39404068379334
NW,83308,80733,2575,2020-01-01,96.90906035434772
RP,16867,16359,508,2020-01-01,96.9882018141934
SL,3366,3277,89,2020-01-01,97.35591206179441
SN,12935,12536,399,2020-01-01,96.91534596057208
ST,5676,5676,0,2020-01-01,100.0
SH,13061,12446,615,2020-01-01,95.29132531965394
TH,6640,6534,106,2020-01-01,98.40361445783132
BW,43507,42464,1043,2021-01-01,97.60268462546257
BY,40698,39463,1235,2021-01-01,96.96545284780579
BE,14412,13939,473,2021-01-01,96.71801276713849
BB,9801,9361,440,2021-01-01,95.51066217732884
HB,2762,2635,127,2021-01-01,95.40188269370022
HH,9351,9144,207,2021-01-01,97.78633301251203
HE,19475,18835,640,2021-01-01,96.71373555840822
MV,5240,4948,292,2021-01-01,94.42748091603053
NI,30963,30065,898,2021-01-01,97.09976423473178
NW,82046,79618,2428,2021-01-01,97.0406844940643
RP,16867,16359,508,2021-01-01,96.9882018141934
SL,3537,3416,121,2021-01-01,96.57902176986146
SN,12968,12610,358,2021-01-01,97.23935842072795
ST,5580,5361,219,2021-01-01,96.07526881720429
SH,12282,11795,487,2021-01-01,96.03484774466699
TH,6389,6279,110,2021-01-01,98.27829081233371
BW,43507,42464,1043,2022-01-01,97.60268462546257
BY,39715,38463,1252,2022-01-01,96.8475387133325
BE,14644,14128,516,2022-01-01,96.47637257579896
BB,9619,9103,516,2022-01-01,94.63561700800498
HB,2784,2652,132,2022-01-01,95.25862068965517
HH,9210,8936,274,2022-01-01,97.02497285559176
HE,19347,18676,671,2022-01-01,96.53176203028893
MV,5247,4884,363,2022-01-01,93.08176100628931
NI,30456,29125,1331,2022-01-01,95.6297609666404
NW,80525,76909,3616,2022-01-01,95.50946910897237
RP,16231,15499,732,2022-01-01,95.49011151500216
SL,3325,3176,149,2022-01-01,95.5187969924812
SN,13404,12908,496,2022-01-01,96.29961205610266
ST,5643,5362,281,2022-01-01,95.02037923090555
SH,11748,11210,538,2022-01-01,95.42049710589036
TH,6399,6292,107,2022-01-01,98.32786372870761
